1597991675.000000,IBI,2020-0821-1534-35-000
10.046875,0.671875,2020-0821-1534-45-046
10.671875,0.625000,2020-0821-1534-45-671
11.265625,0.593750,2020-0821-1534-46-265
11.890625,0.625000,2020-0821-1534-46-890
12.625000,0.734375,2020-0821-1534-47-625
13.390625,0.765625,2020-0821-1534-48-390
14.125000,0.734375,2020-0821-1534-49-125
14.828125,0.703125,2020-0821-1534-49-828
15.500000,0.671875,2020-0821-1534-50-500
16.218750,0.718750,2020-0821-1534-51-218
16.984375,0.765625,2020-0821-1534-51-984
17.718750,0.734375,2020-0821-1534-52-718
18.437500,0.718750,2020-0821-1534-53-437
19.125000,0.687500,2020-0821-1534-54-125
19.828125,0.703125,2020-0821-1534-54-828
32.906250,0.718750,2020-0821-1535-07-906
33.578125,0.671875,2020-0821-1535-08-578
34.218750,0.640625,2020-0821-1535-09-218
34.843750,0.625000,2020-0821-1535-09-843
35.453125,0.609375,2020-0821-1535-10-453
36.109375,0.656250,2020-0821-1535-11-109
36.718750,0.609375,2020-0821-1535-11-718
37.375000,0.656250,2020-0821-1535-12-375
38.078125,0.703125,2020-0821-1535-13-078
38.812500,0.734375,2020-0821-1535-13-812
39.468750,0.656250,2020-0821-1535-14-468
40.125000,0.656250,2020-0821-1535-15-125
40.796875,0.671875,2020-0821-1535-15-796
41.531250,0.734375,2020-0821-1535-16-531
42.359375,0.828125,2020-0821-1535-17-359
47.453125,0.671875,2020-0821-1535-22-453
48.078125,0.625000,2020-0821-1535-23-078
48.765625,0.687500,2020-0821-1535-23-765
49.453125,0.687500,2020-0821-1535-24-453
50.140625,0.687500,2020-0821-1535-25-140
50.781250,0.640625,2020-0821-1535-25-781
51.468750,0.687500,2020-0821-1535-26-468
52.218750,0.750000,2020-0821-1535-27-218
52.921875,0.703125,2020-0821-1535-27-921
53.578125,0.656250,2020-0821-1535-28-578
54.218750,0.640625,2020-0821-1535-29-218
54.859375,0.640625,2020-0821-1535-29-859,Sess02_script04_User003F_001
55.484375,0.625000,2020-0821-1535-30-484,Sess02_script04_User003F_001
59.546875,0.625000,2020-0821-1535-34-546,Sess02_script04_User003F_001
60.140625,0.593750,2020-0821-1535-35-140,Sess02_script04_User003F_001
60.750000,0.609375,2020-0821-1535-35-750,Sess02_script04_User003F_001
61.375000,0.625000,2020-0821-1535-36-375,Sess02_script04_User003F_001
61.984375,0.609375,2020-0821-1535-36-984,Sess02_script04_User003F_001
66.718750,0.656250,2020-0821-1535-41-718,Sess02_script04_User003F_003
67.390625,0.671875,2020-0821-1535-42-390,Sess02_script04_User003F_003
68.000000,0.609375,2020-0821-1535-43-000,Sess02_script04_User003F_003
68.562500,0.562500,2020-0821-1535-43-562,Sess02_script04_User003F_003
69.187500,0.625000,2020-0821-1535-44-187,Sess02_script04_User003F_003
69.937500,0.750000,2020-0821-1535-44-937,Sess02_script04_User003F_004
70.671875,0.734375,2020-0821-1535-45-671,Sess02_script04_User003F_004
71.437500,0.765625,2020-0821-1535-46-437,Sess02_script04_User003F_004
72.171875,0.734375,2020-0821-1535-47-171,Sess02_script04_User003F_005
72.921875,0.750000,2020-0821-1535-47-921,Sess02_script04_User003F_005
82.171875,0.640625,2020-0821-1535-57-171
82.781250,0.609375,2020-0821-1535-57-781
87.359375,0.781250,2020-0821-1536-02-359
88.140625,0.781250,2020-0821-1536-03-140
88.984375,0.843750,2020-0821-1536-03-984
89.734375,0.750000,2020-0821-1536-04-734
90.515625,0.781250,2020-0821-1536-05-515
91.296875,0.781250,2020-0821-1536-06-296
92.062500,0.765625,2020-0821-1536-07-062
92.765625,0.703125,2020-0821-1536-07-765
93.484375,0.718750,2020-0821-1536-08-484
96.359375,0.562500,2020-0821-1536-11-359
96.937500,0.578125,2020-0821-1536-11-937
110.890625,0.750000,2020-0821-1536-25-890
111.578125,0.687500,2020-0821-1536-26-578
112.296875,0.718750,2020-0821-1536-27-296
122.484375,0.734375,2020-0821-1536-37-484
123.203125,0.718750,2020-0821-1536-38-203
123.921875,0.718750,2020-0821-1536-38-921
124.625000,0.703125,2020-0821-1536-39-625
125.343750,0.718750,2020-0821-1536-40-343
126.031250,0.687500,2020-0821-1536-41-031
126.718750,0.687500,2020-0821-1536-41-718
127.406250,0.687500,2020-0821-1536-42-406
128.062500,0.656250,2020-0821-1536-43-062
128.687500,0.625000,2020-0821-1536-43-687,Sess02_script04_User003F_006
129.328125,0.640625,2020-0821-1536-44-328,Sess02_script04_User003F_006
129.968750,0.640625,2020-0821-1536-44-968,Sess02_script04_User003F_006
130.562500,0.593750,2020-0821-1536-45-562,Sess02_script04_User003F_006
131.156250,0.593750,2020-0821-1536-46-156,Sess02_script04_User003F_006
131.828125,0.671875,2020-0821-1536-46-828,Sess02_script04_User003F_006
132.546875,0.718750,2020-0821-1536-47-546,Sess02_script04_User003F_007
133.234375,0.687500,2020-0821-1536-48-234,Sess02_script04_User003F_007
133.890625,0.656250,2020-0821-1536-48-890,Sess02_script04_User003F_007
134.515625,0.625000,2020-0821-1536-49-515,Sess02_script04_User003F_008
135.171875,0.656250,2020-0821-1536-50-171,Sess02_script04_User003F_008
138.515625,0.562500,2020-0821-1536-53-515,Sess02_script04_User003F_008
139.140625,0.625000,2020-0821-1536-54-140,Sess02_script04_User003F_008
149.625000,0.671875,2020-0821-1537-04-625,Sess02_script04_User003F_009
150.328125,0.703125,2020-0821-1537-05-328,Sess02_script04_User003F_009
150.968750,0.640625,2020-0821-1537-05-968,Sess02_script04_User003F_009
151.484375,0.515625,2020-0821-1537-06-484,Sess02_script04_User003F_009
152.203125,0.718750,2020-0821-1537-07-203,Sess02_script04_User003F_009
152.812500,0.609375,2020-0821-1537-07-812,Sess02_script04_User003F_009
153.375000,0.562500,2020-0821-1537-08-375,Sess02_script04_User003F_009
153.968750,0.593750,2020-0821-1537-08-968,Sess02_script04_User003F_009
169.437500,0.578125,2020-0821-1537-24-437,Sess02_script04_User003F_011
170.031250,0.593750,2020-0821-1537-25-031,Sess02_script04_User003F_011
170.703125,0.671875,2020-0821-1537-25-703,Sess02_script04_User003F_012
171.328125,0.625000,2020-0821-1537-26-328,Sess02_script04_User003F_012
171.890625,0.562500,2020-0821-1537-26-890,Sess02_script04_User003F_012
172.468750,0.578125,2020-0821-1537-27-468,Sess02_script04_User003F_012
173.078125,0.609375,2020-0821-1537-28-078,Sess02_script04_User003F_012
173.750000,0.671875,2020-0821-1537-28-750,Sess02_script04_User003F_012
174.343750,0.593750,2020-0821-1537-29-343,Sess02_script04_User003F_012
174.968750,0.625000,2020-0821-1537-29-968,Sess02_script04_User003F_012
175.609375,0.640625,2020-0821-1537-30-609,Sess02_script04_User003F_012
176.218750,0.609375,2020-0821-1537-31-218,Sess02_script04_User003F_012
176.843750,0.625000,2020-0821-1537-31-843,Sess02_script04_User003F_012
191.968750,0.703125,2020-0821-1537-46-968
192.671875,0.703125,2020-0821-1537-47-671
193.375000,0.703125,2020-0821-1537-48-375
194.015625,0.640625,2020-0821-1537-49-015
194.593750,0.578125,2020-0821-1537-49-593
195.203125,0.609375,2020-0821-1537-50-203
195.828125,0.625000,2020-0821-1537-50-828
196.531250,0.703125,2020-0821-1537-51-531
197.234375,0.703125,2020-0821-1537-52-234
197.890625,0.656250,2020-0821-1537-52-890,Sess02_script04_User003F_014
198.515625,0.625000,2020-0821-1537-53-515,Sess02_script04_User003F_014
199.109375,0.593750,2020-0821-1537-54-109,Sess02_script04_User003F_014
199.812500,0.703125,2020-0821-1537-54-812,Sess02_script04_User003F_014
200.500000,0.687500,2020-0821-1537-55-500,Sess02_script04_User003F_014
201.203125,0.703125,2020-0821-1537-56-203,Sess02_script04_User003F_014
201.859375,0.656250,2020-0821-1537-56-859,Sess02_script04_User003F_014
202.562500,0.703125,2020-0821-1537-57-562,Sess02_script04_User003F_014
203.156250,0.593750,2020-0821-1537-58-156,Sess02_script04_User003F_015
203.718750,0.562500,2020-0821-1537-58-718,Sess02_script04_User003F_015
204.265625,0.546875,2020-0821-1537-59-265,Sess02_script04_User003F_015
204.843750,0.578125,2020-0821-1537-59-843,Sess02_script04_User003F_015
208.640625,0.609375,2020-0821-1538-03-640,Sess02_script04_User003F_016
209.171875,0.531250,2020-0821-1538-04-171,Sess02_script04_User003F_016
209.921875,0.750000,2020-0821-1538-04-921,Sess02_script04_User003F_016
236.890625,0.718750,2020-0821-1538-31-890,Sess02_script04_User003F_019
237.609375,0.718750,2020-0821-1538-32-609,Sess02_script04_User003F_019
238.328125,0.718750,2020-0821-1538-33-328,Sess02_script04_User003F_019
239.000000,0.671875,2020-0821-1538-34-000,Sess02_script04_User003F_019
239.656250,0.656250,2020-0821-1538-34-656,Sess02_script04_User003F_019
245.578125,0.671875,2020-0821-1538-40-578
246.296875,0.718750,2020-0821-1538-41-296
247.031250,0.734375,2020-0821-1538-42-031
247.781250,0.750000,2020-0821-1538-42-781
248.531250,0.750000,2020-0821-1538-43-531
249.250000,0.718750,2020-0821-1538-44-250
249.984375,0.734375,2020-0821-1538-44-984
250.703125,0.718750,2020-0821-1538-45-703
251.406250,0.703125,2020-0821-1538-46-406
252.078125,0.671875,2020-0821-1538-47-078
252.750000,0.671875,2020-0821-1538-47-750
253.453125,0.703125,2020-0821-1538-48-453
254.140625,0.687500,2020-0821-1538-49-140
254.859375,0.718750,2020-0821-1538-49-859
255.546875,0.687500,2020-0821-1538-50-546
256.203125,0.656250,2020-0821-1538-51-203
256.859375,0.656250,2020-0821-1538-51-859
268.359375,0.656250,2020-0821-1539-03-359,Sess02_script04_User003F_021
268.921875,0.562500,2020-0821-1539-03-921,Sess02_script04_User003F_021
269.500000,0.578125,2020-0821-1539-04-500,Sess02_script04_User003F_021
270.046875,0.546875,2020-0821-1539-05-046,Sess02_script04_User003F_021
277.265625,0.765625,2020-0821-1539-12-265
277.984375,0.718750,2020-0821-1539-12-984
278.656250,0.671875,2020-0821-1539-13-656
279.296875,0.640625,2020-0821-1539-14-296
279.859375,0.562500,2020-0821-1539-14-859
280.390625,0.531250,2020-0821-1539-15-390
280.953125,0.562500,2020-0821-1539-15-953
281.515625,0.562500,2020-0821-1539-16-515
282.203125,0.687500,2020-0821-1539-17-203
282.906250,0.703125,2020-0821-1539-17-906
283.609375,0.703125,2020-0821-1539-18-609
284.265625,0.656250,2020-0821-1539-19-265
284.968750,0.703125,2020-0821-1539-19-968
285.687500,0.718750,2020-0821-1539-20-687
286.406250,0.718750,2020-0821-1539-21-406
287.140625,0.734375,2020-0821-1539-22-140
287.859375,0.718750,2020-0821-1539-22-859
288.562500,0.703125,2020-0821-1539-23-562
289.265625,0.703125,2020-0821-1539-24-265
289.953125,0.687500,2020-0821-1539-24-953
290.656250,0.703125,2020-0821-1539-25-656
291.312500,0.656250,2020-0821-1539-26-312
291.937500,0.625000,2020-0821-1539-26-937
292.562500,0.625000,2020-0821-1539-27-562
293.250000,0.687500,2020-0821-1539-28-250
294.000000,0.750000,2020-0821-1539-29-000
294.718750,0.718750,2020-0821-1539-29-718
295.406250,0.687500,2020-0821-1539-30-406
296.093750,0.687500,2020-0821-1539-31-093
296.750000,0.656250,2020-0821-1539-31-750
297.421875,0.671875,2020-0821-1539-32-421
298.140625,0.718750,2020-0821-1539-33-140
298.875000,0.734375,2020-0821-1539-33-875
299.562500,0.687500,2020-0821-1539-34-562,Sess02_script04_User003F_023
300.234375,0.671875,2020-0821-1539-35-234,Sess02_script04_User003F_023
300.921875,0.687500,2020-0821-1539-35-921,Sess02_script04_User003F_023
301.609375,0.687500,2020-0821-1539-36-609
302.328125,0.718750,2020-0821-1539-37-328
303.046875,0.718750,2020-0821-1539-38-046
303.750000,0.703125,2020-0821-1539-38-750
304.375000,0.625000,2020-0821-1539-39-375
305.031250,0.656250,2020-0821-1539-40-031,Sess02_script04_User003F_024
305.703125,0.671875,2020-0821-1539-40-703,Sess02_script04_User003F_024
306.359375,0.656250,2020-0821-1539-41-359,Sess02_script04_User003F_024
306.968750,0.609375,2020-0821-1539-41-968,Sess02_script04_User003F_024
307.593750,0.625000,2020-0821-1539-42-593
308.296875,0.703125,2020-0821-1539-43-296
309.015625,0.718750,2020-0821-1539-44-015
309.734375,0.718750,2020-0821-1539-44-734
310.421875,0.687500,2020-0821-1539-45-421
311.062500,0.640625,2020-0821-1539-46-062
311.640625,0.578125,2020-0821-1539-46-640
312.218750,0.578125,2020-0821-1539-47-218
312.781250,0.562500,2020-0821-1539-47-781
313.390625,0.609375,2020-0821-1539-48-390
314.000000,0.609375,2020-0821-1539-49-000
314.609375,0.609375,2020-0821-1539-49-609
315.218750,0.609375,2020-0821-1539-50-218
315.875000,0.656250,2020-0821-1539-50-875
316.546875,0.671875,2020-0821-1539-51-546
317.156250,0.609375,2020-0821-1539-52-156
317.796875,0.640625,2020-0821-1539-52-796
318.484375,0.687500,2020-0821-1539-53-484
319.187500,0.703125,2020-0821-1539-54-187
319.796875,0.609375,2020-0821-1539-54-796
320.453125,0.656250,2020-0821-1539-55-453
321.156250,0.703125,2020-0821-1539-56-156
321.875000,0.718750,2020-0821-1539-56-875
322.515625,0.640625,2020-0821-1539-57-515
323.156250,0.640625,2020-0821-1539-58-156
323.812500,0.656250,2020-0821-1539-58-812
324.500000,0.687500,2020-0821-1539-59-500
325.156250,0.656250,2020-0821-1540-00-156
325.828125,0.671875,2020-0821-1540-00-828
326.546875,0.718750,2020-0821-1540-01-546
327.265625,0.718750,2020-0821-1540-02-265
327.937500,0.671875,2020-0821-1540-02-937
328.625000,0.687500,2020-0821-1540-03-625
329.343750,0.718750,2020-0821-1540-04-343
330.046875,0.703125,2020-0821-1540-05-046
330.734375,0.687500,2020-0821-1540-05-734
331.437500,0.703125,2020-0821-1540-06-437
332.171875,0.734375,2020-0821-1540-07-171
332.875000,0.703125,2020-0821-1540-07-875
333.546875,0.671875,2020-0821-1540-08-546
334.250000,0.703125,2020-0821-1540-09-250
334.953125,0.703125,2020-0821-1540-09-953
335.656250,0.703125,2020-0821-1540-10-656
336.328125,0.671875,2020-0821-1540-11-328
337.031250,0.703125,2020-0821-1540-12-031
337.765625,0.734375,2020-0821-1540-12-765
338.453125,0.687500,2020-0821-1540-13-453
339.109375,0.656250,2020-0821-1540-14-109
339.781250,0.671875,2020-0821-1540-14-781
340.484375,0.703125,2020-0821-1540-15-484
341.140625,0.656250,2020-0821-1540-16-140
341.781250,0.640625,2020-0821-1540-16-781
342.421875,0.640625,2020-0821-1540-17-421
343.078125,0.656250,2020-0821-1540-18-078
343.687500,0.609375,2020-0821-1540-18-687
344.281250,0.593750,2020-0821-1540-19-281
344.921875,0.640625,2020-0821-1540-19-921
345.625000,0.703125,2020-0821-1540-20-625
346.281250,0.656250,2020-0821-1540-21-281
346.921875,0.640625,2020-0821-1540-21-921
347.609375,0.687500,2020-0821-1540-22-609
348.328125,0.718750,2020-0821-1540-23-328
348.984375,0.656250,2020-0821-1540-23-984
349.609375,0.625000,2020-0821-1540-24-609
350.265625,0.656250,2020-0821-1540-25-265
350.937500,0.671875,2020-0821-1540-25-937
351.562500,0.625000,2020-0821-1540-26-562
352.187500,0.625000,2020-0821-1540-27-187
352.859375,0.671875,2020-0821-1540-27-859
353.562500,0.703125,2020-0821-1540-28-562
354.187500,0.625000,2020-0821-1540-29-187
354.781250,0.593750,2020-0821-1540-29-781
355.406250,0.625000,2020-0821-1540-30-406
356.109375,0.703125,2020-0821-1540-31-109
356.687500,0.578125,2020-0821-1540-31-687
357.281250,0.593750,2020-0821-1540-32-281
357.937500,0.656250,2020-0821-1540-32-937
358.687500,0.750000,2020-0821-1540-33-687
359.406250,0.718750,2020-0821-1540-34-406
360.093750,0.687500,2020-0821-1540-35-093
360.750000,0.656250,2020-0821-1540-35-750
361.421875,0.671875,2020-0821-1540-36-421
362.140625,0.718750,2020-0821-1540-37-140
362.781250,0.640625,2020-0821-1540-37-781
363.406250,0.625000,2020-0821-1540-38-406
364.046875,0.640625,2020-0821-1540-39-046
364.718750,0.671875,2020-0821-1540-39-718
365.421875,0.703125,2020-0821-1540-40-421
366.078125,0.656250,2020-0821-1540-41-078
366.718750,0.640625,2020-0821-1540-41-718
372.328125,0.593750,2020-0821-1540-47-328
372.984375,0.656250,2020-0821-1540-47-984
373.671875,0.687500,2020-0821-1540-48-671
374.281250,0.609375,2020-0821-1540-49-281
374.937500,0.656250,2020-0821-1540-49-937
375.640625,0.703125,2020-0821-1540-50-640
376.265625,0.625000,2020-0821-1540-51-265,Sess02_script04_User003F_025
376.859375,0.593750,2020-0821-1540-51-859,Sess02_script04_User003F_025
377.468750,0.609375,2020-0821-1540-52-468,Sess02_script04_User003F_025
381.234375,0.593750,2020-0821-1540-56-234
381.750000,0.515625,2020-0821-1540-56-750
382.343750,0.593750,2020-0821-1540-57-343
382.906250,0.562500,2020-0821-1540-57-906
383.484375,0.578125,2020-0821-1540-58-484
384.031250,0.546875,2020-0821-1540-59-031
384.578125,0.546875,2020-0821-1540-59-578
385.156250,0.578125,2020-0821-1541-00-156
385.750000,0.593750,2020-0821-1541-00-750
391.750000,0.515625,2020-0821-1541-06-750
392.265625,0.515625,2020-0821-1541-07-265
392.796875,0.531250,2020-0821-1541-07-796
393.328125,0.531250,2020-0821-1541-08-328
393.875000,0.546875,2020-0821-1541-08-875
394.453125,0.578125,2020-0821-1541-09-453
395.062500,0.609375,2020-0821-1541-10-062
395.718750,0.656250,2020-0821-1541-10-718
396.406250,0.687500,2020-0821-1541-11-406
397.062500,0.656250,2020-0821-1541-12-062
