1597988359.000000,IBI,2020-0821-1439-19-000
11.843750,0.750000,2020-0821-1439-30-843
12.593750,0.750000,2020-0821-1439-31-593
13.375000,0.781250,2020-0821-1439-32-375
14.156250,0.781250,2020-0821-1439-33-156
14.937500,0.781250,2020-0821-1439-33-937
15.687500,0.750000,2020-0821-1439-34-687
16.406250,0.718750,2020-0821-1439-35-406
17.109375,0.703125,2020-0821-1439-36-109
17.828125,0.718750,2020-0821-1439-36-828
21.796875,0.640625,2020-0821-1439-40-796
22.453125,0.656250,2020-0821-1439-41-453
23.125000,0.671875,2020-0821-1439-42-125
23.828125,0.703125,2020-0821-1439-42-828
24.531250,0.703125,2020-0821-1439-43-531
25.218750,0.687500,2020-0821-1439-44-218
25.875000,0.656250,2020-0821-1439-44-875
26.546875,0.671875,2020-0821-1439-45-546
27.281250,0.734375,2020-0821-1439-46-281
27.984375,0.703125,2020-0821-1439-46-984
28.671875,0.687500,2020-0821-1439-47-671
29.375000,0.703125,2020-0821-1439-48-375
30.109375,0.734375,2020-0821-1439-49-109
30.828125,0.718750,2020-0821-1439-49-828
31.546875,0.718750,2020-0821-1439-50-546
32.296875,0.750000,2020-0821-1439-51-296
33.078125,0.781250,2020-0821-1439-52-078
33.859375,0.781250,2020-0821-1439-52-859
34.609375,0.750000,2020-0821-1439-53-609
35.343750,0.734375,2020-0821-1439-54-343
36.093750,0.750000,2020-0821-1439-55-093
36.843750,0.750000,2020-0821-1439-55-843
37.546875,0.703125,2020-0821-1439-56-546
38.281250,0.734375,2020-0821-1439-57-281
39.000000,0.718750,2020-0821-1439-58-000
39.718750,0.718750,2020-0821-1439-58-718
40.437500,0.718750,2020-0821-1439-59-437
41.156250,0.718750,2020-0821-1440-00-156
41.906250,0.750000,2020-0821-1440-00-906
42.640625,0.734375,2020-0821-1440-01-640
43.390625,0.750000,2020-0821-1440-02-390
44.156250,0.765625,2020-0821-1440-03-156
44.937500,0.781250,2020-0821-1440-03-937
45.703125,0.765625,2020-0821-1440-04-703
46.468750,0.765625,2020-0821-1440-05-468
47.250000,0.781250,2020-0821-1440-06-250
48.015625,0.765625,2020-0821-1440-07-015
48.781250,0.765625,2020-0821-1440-07-781
49.515625,0.734375,2020-0821-1440-08-515
50.218750,0.703125,2020-0821-1440-09-218
50.921875,0.703125,2020-0821-1440-09-921
51.625000,0.703125,2020-0821-1440-10-625
52.328125,0.703125,2020-0821-1440-11-328
53.015625,0.687500,2020-0821-1440-12-015
53.718750,0.703125,2020-0821-1440-12-718
54.453125,0.734375,2020-0821-1440-13-453
55.234375,0.781250,2020-0821-1440-14-234
66.609375,0.703125,2020-0821-1440-25-609
67.375000,0.765625,2020-0821-1440-26-375
68.171875,0.796875,2020-0821-1440-27-171
69.015625,0.843750,2020-0821-1440-28-015
69.796875,0.781250,2020-0821-1440-28-796
70.593750,0.796875,2020-0821-1440-29-593
71.359375,0.765625,2020-0821-1440-30-359
72.093750,0.734375,2020-0821-1440-31-093
72.828125,0.734375,2020-0821-1440-31-828
73.578125,0.750000,2020-0821-1440-32-578
74.312500,0.734375,2020-0821-1440-33-312
75.015625,0.703125,2020-0821-1440-34-015
75.671875,0.656250,2020-0821-1440-34-671
76.328125,0.656250,2020-0821-1440-35-328
76.968750,0.640625,2020-0821-1440-35-968
77.593750,0.625000,2020-0821-1440-36-593
78.234375,0.640625,2020-0821-1440-37-234
78.859375,0.625000,2020-0821-1440-37-859
79.500000,0.640625,2020-0821-1440-38-500
80.156250,0.656250,2020-0821-1440-39-156
80.812500,0.656250,2020-0821-1440-39-812
81.484375,0.671875,2020-0821-1440-40-484
82.156250,0.671875,2020-0821-1440-41-156
82.812500,0.656250,2020-0821-1440-41-812
83.468750,0.656250,2020-0821-1440-42-468
84.125000,0.656250,2020-0821-1440-43-125
84.781250,0.656250,2020-0821-1440-43-781
85.468750,0.687500,2020-0821-1440-44-468
86.140625,0.671875,2020-0821-1440-45-140
86.828125,0.687500,2020-0821-1440-45-828
87.515625,0.687500,2020-0821-1440-46-515
88.234375,0.718750,2020-0821-1440-47-234
88.953125,0.718750,2020-0821-1440-47-953
89.671875,0.718750,2020-0821-1440-48-671
90.406250,0.734375,2020-0821-1440-49-406
91.171875,0.765625,2020-0821-1440-50-171
91.921875,0.750000,2020-0821-1440-50-921
92.703125,0.781250,2020-0821-1440-51-703
93.500000,0.796875,2020-0821-1440-52-500
114.312500,0.718750,2020-0821-1441-13-312
115.046875,0.734375,2020-0821-1441-14-046
115.765625,0.718750,2020-0821-1441-14-765
116.453125,0.687500,2020-0821-1441-15-453
117.125000,0.671875,2020-0821-1441-16-125
117.812500,0.687500,2020-0821-1441-16-812
118.500000,0.687500,2020-0821-1441-17-500
119.203125,0.703125,2020-0821-1441-18-203
119.875000,0.671875,2020-0821-1441-18-875
120.546875,0.671875,2020-0821-1441-19-546
125.859375,0.781250,2020-0821-1441-24-859
126.656250,0.796875,2020-0821-1441-25-656
127.437500,0.781250,2020-0821-1441-26-437
128.171875,0.734375,2020-0821-1441-27-171
128.875000,0.703125,2020-0821-1441-27-875
129.546875,0.671875,2020-0821-1441-28-546
130.109375,0.562500,2020-0821-1441-29-109
130.890625,0.781250,2020-0821-1441-29-890
145.906250,0.734375,2020-0821-1441-44-906
146.671875,0.765625,2020-0821-1441-45-671
147.421875,0.750000,2020-0821-1441-46-421
155.484375,0.734375,2020-0821-1441-54-484
156.218750,0.734375,2020-0821-1441-55-218
156.937500,0.718750,2020-0821-1441-55-937
157.656250,0.718750,2020-0821-1441-56-656
158.406250,0.750000,2020-0821-1441-57-406
159.171875,0.765625,2020-0821-1441-58-171
159.953125,0.781250,2020-0821-1441-58-953
160.718750,0.765625,2020-0821-1441-59-718
161.515625,0.796875,2020-0821-1442-00-515
162.296875,0.781250,2020-0821-1442-01-296
163.093750,0.796875,2020-0821-1442-02-093
163.875000,0.781250,2020-0821-1442-02-875
164.593750,0.718750,2020-0821-1442-03-593
165.328125,0.734375,2020-0821-1442-04-328
166.031250,0.703125,2020-0821-1442-05-031
166.734375,0.703125,2020-0821-1442-05-734
167.406250,0.671875,2020-0821-1442-06-406
173.609375,0.781250,2020-0821-1442-12-609
174.296875,0.687500,2020-0821-1442-13-296
175.015625,0.718750,2020-0821-1442-14-015
180.640625,0.687500,2020-0821-1442-19-640
184.234375,0.703125,2020-0821-1442-23-234
184.906250,0.671875,2020-0821-1442-23-906
185.593750,0.687500,2020-0821-1442-24-593
186.281250,0.687500,2020-0821-1442-25-281
186.968750,0.687500,2020-0821-1442-25-968
187.687500,0.718750,2020-0821-1442-26-687
188.406250,0.718750,2020-0821-1442-27-406
189.125000,0.718750,2020-0821-1442-28-125
189.828125,0.703125,2020-0821-1442-28-828
190.531250,0.703125,2020-0821-1442-29-531
191.281250,0.750000,2020-0821-1442-30-281
192.046875,0.765625,2020-0821-1442-31-046
192.828125,0.781250,2020-0821-1442-31-828
193.546875,0.718750,2020-0821-1442-32-546
194.296875,0.750000,2020-0821-1442-33-296
199.000000,0.718750,2020-0821-1442-38-000
199.718750,0.718750,2020-0821-1442-38-718
200.453125,0.734375,2020-0821-1442-39-453
201.203125,0.750000,2020-0821-1442-40-203
201.921875,0.718750,2020-0821-1442-40-921
202.640625,0.718750,2020-0821-1442-41-640
203.343750,0.703125,2020-0821-1442-42-343
204.015625,0.671875,2020-0821-1442-43-015
204.671875,0.656250,2020-0821-1442-43-671
205.375000,0.703125,2020-0821-1442-44-375
213.906250,0.609375,2020-0821-1442-52-906
214.531250,0.625000,2020-0821-1442-53-531
215.187500,0.656250,2020-0821-1442-54-187
215.859375,0.671875,2020-0821-1442-54-859
216.546875,0.687500,2020-0821-1442-55-546
224.359375,0.656250,2020-0821-1443-03-359
225.062500,0.703125,2020-0821-1443-04-062
225.781250,0.718750,2020-0821-1443-04-781
226.531250,0.750000,2020-0821-1443-05-531
227.312500,0.781250,2020-0821-1443-06-312
228.046875,0.734375,2020-0821-1443-07-046
228.765625,0.718750,2020-0821-1443-07-765,Sess02_script01_User004M_001
229.437500,0.671875,2020-0821-1443-08-437,Sess02_script01_User004M_001
230.093750,0.656250,2020-0821-1443-09-093,Sess02_script01_User004M_001
230.781250,0.687500,2020-0821-1443-09-781,Sess02_script01_User004M_001
231.390625,0.609375,2020-0821-1443-10-390,Sess02_script01_User004M_001
237.500000,0.828125,2020-0821-1443-16-500,Sess02_script01_User004M_002
238.250000,0.750000,2020-0821-1443-17-250,Sess02_script01_User004M_002
238.921875,0.671875,2020-0821-1443-17-921,Sess02_script01_User004M_002
239.578125,0.656250,2020-0821-1443-18-578,Sess02_script01_User004M_003
240.250000,0.671875,2020-0821-1443-19-250,Sess02_script01_User004M_003
251.906250,0.687500,2020-0821-1443-30-906,Sess02_script01_User004M_005
252.609375,0.703125,2020-0821-1443-31-609,Sess02_script01_User004M_005
253.312500,0.703125,2020-0821-1443-32-312,Sess02_script01_User004M_005
254.078125,0.765625,2020-0821-1443-33-078,Sess02_script01_User004M_005
254.859375,0.781250,2020-0821-1443-33-859,Sess02_script01_User004M_005
255.593750,0.734375,2020-0821-1443-34-593,Sess02_script01_User004M_005
256.312500,0.718750,2020-0821-1443-35-312,Sess02_script01_User004M_005
257.046875,0.734375,2020-0821-1443-36-046,Sess02_script01_User004M_005
257.781250,0.734375,2020-0821-1443-36-781,Sess02_script01_User004M_005
258.484375,0.703125,2020-0821-1443-37-484,Sess02_script01_User004M_005
259.171875,0.687500,2020-0821-1443-38-171,Sess02_script01_User004M_006
259.843750,0.671875,2020-0821-1443-38-843,Sess02_script01_User004M_006
260.484375,0.640625,2020-0821-1443-39-484,Sess02_script01_User004M_006
261.140625,0.656250,2020-0821-1443-40-140,Sess02_script01_User004M_006
261.828125,0.687500,2020-0821-1443-40-828,Sess02_script01_User004M_006
262.531250,0.703125,2020-0821-1443-41-531,Sess02_script01_User004M_006
263.281250,0.750000,2020-0821-1443-42-281,Sess02_script01_User004M_006
264.000000,0.718750,2020-0821-1443-43-000,Sess02_script01_User004M_006
264.734375,0.734375,2020-0821-1443-43-734,Sess02_script01_User004M_006
289.359375,0.734375,2020-0821-1444-08-359
290.093750,0.734375,2020-0821-1444-09-093,Sess02_script01_User004M_012
290.796875,0.703125,2020-0821-1444-09-796,Sess02_script01_User004M_012
291.500000,0.703125,2020-0821-1444-10-500,Sess02_script01_User004M_012
297.921875,0.671875,2020-0821-1444-16-921,Sess02_script01_User004M_012
305.718750,0.781250,2020-0821-1444-24-718,Sess02_script01_User004M_013
306.500000,0.781250,2020-0821-1444-25-500,Sess02_script01_User004M_013
307.265625,0.765625,2020-0821-1444-26-265,Sess02_script01_User004M_013
308.015625,0.750000,2020-0821-1444-27-015
308.750000,0.734375,2020-0821-1444-27-750
314.109375,0.671875,2020-0821-1444-33-109,Sess02_script01_User004M_014
314.828125,0.718750,2020-0821-1444-33-828,Sess02_script01_User004M_014
315.609375,0.781250,2020-0821-1444-34-609,Sess02_script01_User004M_014
323.171875,0.765625,2020-0821-1444-42-171,Sess02_script01_User004M_014
326.812500,0.687500,2020-0821-1444-45-812,Sess02_script01_User004M_014
327.500000,0.687500,2020-0821-1444-46-500,Sess02_script01_User004M_014
328.218750,0.718750,2020-0821-1444-47-218,Sess02_script01_User004M_014
328.890625,0.671875,2020-0821-1444-47-890,Sess02_script01_User004M_014
329.625000,0.734375,2020-0821-1444-48-625,Sess02_script01_User004M_014
330.406250,0.781250,2020-0821-1444-49-406,Sess02_script01_User004M_014
331.171875,0.765625,2020-0821-1444-50-171,Sess02_script01_User004M_014
339.703125,0.796875,2020-0821-1444-58-703
340.531250,0.828125,2020-0821-1444-59-531
344.546875,0.750000,2020-0821-1445-03-546
345.296875,0.750000,2020-0821-1445-04-296
346.046875,0.750000,2020-0821-1445-05-046
346.781250,0.734375,2020-0821-1445-05-781
347.515625,0.734375,2020-0821-1445-06-515
348.265625,0.750000,2020-0821-1445-07-265
349.046875,0.781250,2020-0821-1445-08-046
349.859375,0.812500,2020-0821-1445-08-859,Sess02_script01_User004M_016
350.640625,0.781250,2020-0821-1445-09-640,Sess02_script01_User004M_016
351.390625,0.750000,2020-0821-1445-10-390
352.156250,0.765625,2020-0821-1445-11-156
352.921875,0.765625,2020-0821-1445-11-921
353.687500,0.765625,2020-0821-1445-12-687
354.421875,0.734375,2020-0821-1445-13-421
355.171875,0.750000,2020-0821-1445-14-171
355.906250,0.734375,2020-0821-1445-14-906
356.640625,0.734375,2020-0821-1445-15-640
357.359375,0.718750,2020-0821-1445-16-359
358.046875,0.687500,2020-0821-1445-17-046
358.734375,0.687500,2020-0821-1445-17-734
359.421875,0.687500,2020-0821-1445-18-421
360.093750,0.671875,2020-0821-1445-19-093
360.750000,0.656250,2020-0821-1445-19-750
367.375000,0.671875,2020-0821-1445-26-375
370.812500,0.765625,2020-0821-1445-29-812
371.625000,0.812500,2020-0821-1445-30-625
372.390625,0.765625,2020-0821-1445-31-390
373.156250,0.765625,2020-0821-1445-32-156
373.859375,0.703125,2020-0821-1445-32-859
374.578125,0.718750,2020-0821-1445-33-578
375.250000,0.671875,2020-0821-1445-34-250
375.906250,0.656250,2020-0821-1445-34-906
376.546875,0.640625,2020-0821-1445-35-546
377.156250,0.609375,2020-0821-1445-36-156
377.765625,0.609375,2020-0821-1445-36-765
378.406250,0.640625,2020-0821-1445-37-406
379.015625,0.609375,2020-0821-1445-38-015
379.640625,0.625000,2020-0821-1445-38-640
380.250000,0.609375,2020-0821-1445-39-250
380.875000,0.625000,2020-0821-1445-39-875
381.531250,0.656250,2020-0821-1445-40-531
382.234375,0.703125,2020-0821-1445-41-234
382.953125,0.718750,2020-0821-1445-41-953
383.671875,0.718750,2020-0821-1445-42-671
384.375000,0.703125,2020-0821-1445-43-375
385.078125,0.703125,2020-0821-1445-44-078
385.750000,0.671875,2020-0821-1445-44-750
386.437500,0.687500,2020-0821-1445-45-437
387.078125,0.640625,2020-0821-1445-46-078
387.703125,0.625000,2020-0821-1445-46-703
388.328125,0.625000,2020-0821-1445-47-328
388.968750,0.640625,2020-0821-1445-47-968
389.640625,0.671875,2020-0821-1445-48-640
390.328125,0.687500,2020-0821-1445-49-328
391.046875,0.718750,2020-0821-1445-50-046
391.781250,0.734375,2020-0821-1445-50-781
392.562500,0.781250,2020-0821-1445-51-562
393.343750,0.781250,2020-0821-1445-52-343,Sess02_script01_User004M_017
394.109375,0.765625,2020-0821-1445-53-109,Sess02_script01_User004M_017
408.359375,0.828125,2020-0821-1446-07-359
416.281250,0.765625,2020-0821-1446-15-281
417.015625,0.734375,2020-0821-1446-16-015
417.750000,0.734375,2020-0821-1446-16-750
418.515625,0.765625,2020-0821-1446-17-515
419.265625,0.750000,2020-0821-1446-18-265
420.000000,0.734375,2020-0821-1446-19-000,Sess02_script01_User004M_018
420.750000,0.750000,2020-0821-1446-19-750,Sess02_script01_User004M_018
421.484375,0.734375,2020-0821-1446-20-484,Sess02_script01_User004M_018
458.734375,0.796875,2020-0821-1446-57-734,Sess02_script01_User004M_023
459.421875,0.687500,2020-0821-1446-58-421,Sess02_script01_User004M_023
473.312500,0.750000,2020-0821-1447-12-312,Sess02_script01_User004M_023
474.000000,0.687500,2020-0821-1447-13-000,Sess02_script01_User004M_023
474.687500,0.687500,2020-0821-1447-13-687,Sess02_script01_User004M_023
475.406250,0.718750,2020-0821-1447-14-406,Sess02_script01_User004M_023
476.140625,0.734375,2020-0821-1447-15-140,Sess02_script01_User004M_023
476.875000,0.734375,2020-0821-1447-15-875,Sess02_script01_User004M_024
477.609375,0.734375,2020-0821-1447-16-609,Sess02_script01_User004M_024
478.312500,0.703125,2020-0821-1447-17-312
479.031250,0.718750,2020-0821-1447-18-031
479.687500,0.656250,2020-0821-1447-18-687
480.328125,0.640625,2020-0821-1447-19-328
480.953125,0.625000,2020-0821-1447-19-953
481.578125,0.625000,2020-0821-1447-20-578
482.218750,0.640625,2020-0821-1447-21-218
482.906250,0.687500,2020-0821-1447-21-906
487.781250,0.796875,2020-0821-1447-26-781
488.562500,0.781250,2020-0821-1447-27-562
489.343750,0.781250,2020-0821-1447-28-343
490.078125,0.734375,2020-0821-1447-29-078
490.828125,0.750000,2020-0821-1447-29-828
491.562500,0.734375,2020-0821-1447-30-562
492.296875,0.734375,2020-0821-1447-31-296
493.031250,0.734375,2020-0821-1447-32-031
493.765625,0.734375,2020-0821-1447-32-765,Sess02_script01_User004M_025
494.515625,0.750000,2020-0821-1447-33-515,Sess02_script01_User004M_025
495.468750,0.953125,2020-0821-1447-34-468,Sess02_script01_User004M_025
507.828125,0.796875,2020-0821-1447-46-828
508.609375,0.781250,2020-0821-1447-47-609
509.359375,0.750000,2020-0821-1447-48-359
510.046875,0.687500,2020-0821-1447-49-046
510.734375,0.687500,2020-0821-1447-49-734
511.406250,0.671875,2020-0821-1447-50-406
512.093750,0.687500,2020-0821-1447-51-093
512.796875,0.703125,2020-0821-1447-51-796
513.515625,0.718750,2020-0821-1447-52-515
514.218750,0.703125,2020-0821-1447-53-218
514.921875,0.703125,2020-0821-1447-53-921
515.640625,0.718750,2020-0821-1447-54-640
516.375000,0.734375,2020-0821-1447-55-375
517.140625,0.765625,2020-0821-1447-56-140
517.890625,0.750000,2020-0821-1447-56-890
518.609375,0.718750,2020-0821-1447-57-609
519.343750,0.734375,2020-0821-1447-58-343
520.093750,0.750000,2020-0821-1447-59-093
520.843750,0.750000,2020-0821-1447-59-843
521.578125,0.734375,2020-0821-1448-00-578
522.265625,0.687500,2020-0821-1448-01-265
522.953125,0.687500,2020-0821-1448-01-953
523.656250,0.703125,2020-0821-1448-02-656
524.375000,0.718750,2020-0821-1448-03-375
525.093750,0.718750,2020-0821-1448-04-093
525.812500,0.718750,2020-0821-1448-04-812,Sess02_script01_User004M_027
535.796875,0.750000,2020-0821-1448-14-796
536.578125,0.781250,2020-0821-1448-15-578
537.359375,0.781250,2020-0821-1448-16-359
538.109375,0.750000,2020-0821-1448-17-109
538.875000,0.765625,2020-0821-1448-17-875
539.671875,0.796875,2020-0821-1448-18-671
540.406250,0.734375,2020-0821-1448-19-406
572.328125,0.765625,2020-0821-1448-51-328
573.125000,0.796875,2020-0821-1448-52-125
573.906250,0.781250,2020-0821-1448-52-906
574.718750,0.812500,2020-0821-1448-53-718
575.500000,0.781250,2020-0821-1448-54-500
576.250000,0.750000,2020-0821-1448-55-250
