1597989504.000000,IBI,2020-0821-1458-24-000
25.406250,0.703125,2020-0821-1458-49-406
26.015625,0.609375,2020-0821-1458-50-015
26.812500,0.796875,2020-0821-1458-50-812
27.453125,0.640625,2020-0821-1458-51-453
28.046875,0.593750,2020-0821-1458-52-046
36.859375,0.718750,2020-0821-1459-00-859
37.671875,0.812500,2020-0821-1459-01-671
38.453125,0.781250,2020-0821-1459-02-453
39.234375,0.781250,2020-0821-1459-03-234
40.031250,0.796875,2020-0821-1459-04-031
40.859375,0.828125,2020-0821-1459-04-859
51.828125,0.796875,2020-0821-1459-15-828
61.890625,0.703125,2020-0821-1459-25-890
62.593750,0.703125,2020-0821-1459-26-593
63.312500,0.718750,2020-0821-1459-27-312
67.375000,0.640625,2020-0821-1459-31-375
71.812500,0.718750,2020-0821-1459-35-812
72.500000,0.687500,2020-0821-1459-36-500
73.203125,0.703125,2020-0821-1459-37-203
73.921875,0.718750,2020-0821-1459-37-921
74.671875,0.750000,2020-0821-1459-38-671
75.359375,0.687500,2020-0821-1459-39-359
76.046875,0.687500,2020-0821-1459-40-046
76.734375,0.687500,2020-0821-1459-40-734
77.437500,0.703125,2020-0821-1459-41-437
78.078125,0.640625,2020-0821-1459-42-078
78.750000,0.671875,2020-0821-1459-42-750
79.421875,0.671875,2020-0821-1459-43-421
80.109375,0.687500,2020-0821-1459-44-109
80.765625,0.656250,2020-0821-1459-44-765
81.453125,0.687500,2020-0821-1459-45-453
82.171875,0.718750,2020-0821-1459-46-171
82.843750,0.671875,2020-0821-1459-46-843
83.500000,0.656250,2020-0821-1459-47-500
84.203125,0.703125,2020-0821-1459-48-203
84.921875,0.718750,2020-0821-1459-48-921
85.593750,0.671875,2020-0821-1459-49-593
86.250000,0.656250,2020-0821-1459-50-250
93.187500,0.578125,2020-0821-1459-57-187
93.781250,0.593750,2020-0821-1459-57-781
94.406250,0.625000,2020-0821-1459-58-406
95.031250,0.625000,2020-0821-1459-59-031
103.843750,0.687500,2020-0821-1500-07-843
104.484375,0.640625,2020-0821-1500-08-484
105.187500,0.703125,2020-0821-1500-09-187
105.828125,0.640625,2020-0821-1500-09-828
106.531250,0.703125,2020-0821-1500-10-531
107.234375,0.703125,2020-0821-1500-11-234
107.937500,0.703125,2020-0821-1500-11-937
108.625000,0.687500,2020-0821-1500-12-625
109.328125,0.703125,2020-0821-1500-13-328
109.984375,0.656250,2020-0821-1500-13-984
110.625000,0.640625,2020-0821-1500-14-625
111.187500,0.562500,2020-0821-1500-15-187
111.750000,0.562500,2020-0821-1500-15-750
112.312500,0.562500,2020-0821-1500-16-312
112.890625,0.578125,2020-0821-1500-16-890
113.546875,0.656250,2020-0821-1500-17-546
114.171875,0.625000,2020-0821-1500-18-171
114.765625,0.593750,2020-0821-1500-18-765
115.421875,0.656250,2020-0821-1500-19-421
116.156250,0.734375,2020-0821-1500-20-156,Sess02_script02_User003F_001
116.812500,0.656250,2020-0821-1500-20-812,Sess02_script02_User003F_001
117.390625,0.578125,2020-0821-1500-21-390,Sess02_script02_User003F_001
118.062500,0.671875,2020-0821-1500-22-062,Sess02_script02_User003F_001
118.765625,0.703125,2020-0821-1500-22-765,Sess02_script02_User003F_001
119.500000,0.734375,2020-0821-1500-23-500,Sess02_script02_User003F_001
120.203125,0.703125,2020-0821-1500-24-203,Sess02_script02_User003F_001
120.953125,0.750000,2020-0821-1500-24-953,Sess02_script02_User003F_001
125.406250,0.625000,2020-0821-1500-29-406,Sess02_script02_User003F_001
125.984375,0.578125,2020-0821-1500-29-984,Sess02_script02_User003F_001
126.546875,0.562500,2020-0821-1500-30-546,Sess02_script02_User003F_001
127.125000,0.578125,2020-0821-1500-31-125,Sess02_script02_User003F_001
127.734375,0.609375,2020-0821-1500-31-734,Sess02_script02_User003F_001
128.375000,0.640625,2020-0821-1500-32-375,Sess02_script02_User003F_002
129.031250,0.656250,2020-0821-1500-33-031,Sess02_script02_User003F_002
129.609375,0.578125,2020-0821-1500-33-609,Sess02_script02_User003F_002
130.265625,0.656250,2020-0821-1500-34-265,Sess02_script02_User003F_002
130.890625,0.625000,2020-0821-1500-34-890,Sess02_script02_User003F_002
131.484375,0.593750,2020-0821-1500-35-484,Sess02_script02_User003F_002
132.156250,0.671875,2020-0821-1500-36-156,Sess02_script02_User003F_002
132.890625,0.734375,2020-0821-1500-36-890,Sess02_script02_User003F_002
133.593750,0.703125,2020-0821-1500-37-593,Sess02_script02_User003F_002
139.062500,0.531250,2020-0821-1500-43-062,Sess02_script02_User003F_003
139.640625,0.578125,2020-0821-1500-43-640,Sess02_script02_User003F_003
140.218750,0.578125,2020-0821-1500-44-218,Sess02_script02_User003F_003
140.812500,0.593750,2020-0821-1500-44-812,Sess02_script02_User003F_003
141.515625,0.703125,2020-0821-1500-45-515,Sess02_script02_User003F_003
142.234375,0.718750,2020-0821-1500-46-234,Sess02_script02_User003F_003
142.968750,0.734375,2020-0821-1500-46-968,Sess02_script02_User003F_003
143.687500,0.718750,2020-0821-1500-47-687,Sess02_script02_User003F_003
144.390625,0.703125,2020-0821-1500-48-390,Sess02_script02_User003F_003
145.046875,0.656250,2020-0821-1500-49-046,Sess02_script02_User003F_003
145.687500,0.640625,2020-0821-1500-49-687,Sess02_script02_User003F_003
146.296875,0.609375,2020-0821-1500-50-296,Sess02_script02_User003F_003
146.906250,0.609375,2020-0821-1500-50-906,Sess02_script02_User003F_003
147.468750,0.562500,2020-0821-1500-51-468,Sess02_script02_User003F_003
148.015625,0.546875,2020-0821-1500-52-015,Sess02_script02_User003F_003
148.593750,0.578125,2020-0821-1500-52-593,Sess02_script02_User003F_003
149.156250,0.562500,2020-0821-1500-53-156,Sess02_script02_User003F_003
149.765625,0.609375,2020-0821-1500-53-765,Sess02_script02_User003F_003
150.453125,0.687500,2020-0821-1500-54-453,Sess02_script02_User003F_003
151.140625,0.687500,2020-0821-1500-55-140,Sess02_script02_User003F_003
151.828125,0.687500,2020-0821-1500-55-828,Sess02_script02_User003F_003
152.453125,0.625000,2020-0821-1500-56-453,Sess02_script02_User003F_003
153.093750,0.640625,2020-0821-1500-57-093,Sess02_script02_User003F_003
173.187500,0.546875,2020-0821-1501-17-187,Sess02_script02_User003F_008
173.812500,0.625000,2020-0821-1501-17-812,Sess02_script02_User003F_008
174.468750,0.656250,2020-0821-1501-18-468,Sess02_script02_User003F_008
175.203125,0.734375,2020-0821-1501-19-203,Sess02_script02_User003F_008
175.906250,0.703125,2020-0821-1501-19-906,Sess02_script02_User003F_008
176.593750,0.687500,2020-0821-1501-20-593,Sess02_script02_User003F_008
177.218750,0.625000,2020-0821-1501-21-218,Sess02_script02_User003F_008
177.812500,0.593750,2020-0821-1501-21-812,Sess02_script02_User003F_008
178.468750,0.656250,2020-0821-1501-22-468,Sess02_script02_User003F_008
179.187500,0.718750,2020-0821-1501-23-187,Sess02_script02_User003F_008
179.937500,0.750000,2020-0821-1501-23-937,Sess02_script02_User003F_008
180.671875,0.734375,2020-0821-1501-24-671,Sess02_script02_User003F_008
181.406250,0.734375,2020-0821-1501-25-406,Sess02_script02_User003F_008
182.109375,0.703125,2020-0821-1501-26-109,Sess02_script02_User003F_008
182.796875,0.687500,2020-0821-1501-26-796,Sess02_script02_User003F_008
196.437500,0.656250,2020-0821-1501-40-437
197.093750,0.656250,2020-0821-1501-41-093
197.750000,0.656250,2020-0821-1501-41-750
234.265625,0.609375,2020-0821-1502-18-265
265.203125,0.609375,2020-0821-1502-49-203
265.828125,0.625000,2020-0821-1502-49-828
266.468750,0.640625,2020-0821-1502-50-468
267.093750,0.625000,2020-0821-1502-51-093
267.687500,0.593750,2020-0821-1502-51-687
268.250000,0.562500,2020-0821-1502-52-250
268.843750,0.593750,2020-0821-1502-52-843
269.453125,0.609375,2020-0821-1502-53-453
270.078125,0.625000,2020-0821-1502-54-078
270.671875,0.593750,2020-0821-1502-54-671
271.265625,0.593750,2020-0821-1502-55-265
271.906250,0.640625,2020-0821-1502-55-906
272.546875,0.640625,2020-0821-1502-56-546
273.156250,0.609375,2020-0821-1502-57-156
273.734375,0.578125,2020-0821-1502-57-734
279.968750,0.781250,2020-0821-1503-03-968
280.687500,0.718750,2020-0821-1503-04-687
281.390625,0.703125,2020-0821-1503-05-390
282.093750,0.703125,2020-0821-1503-06-093
282.859375,0.765625,2020-0821-1503-06-859
283.609375,0.750000,2020-0821-1503-07-609
284.296875,0.687500,2020-0821-1503-08-296
284.953125,0.656250,2020-0821-1503-08-953
285.609375,0.656250,2020-0821-1503-09-609
286.281250,0.671875,2020-0821-1503-10-281
286.921875,0.640625,2020-0821-1503-10-921
287.562500,0.640625,2020-0821-1503-11-562
288.203125,0.640625,2020-0821-1503-12-203
288.828125,0.625000,2020-0821-1503-12-828
289.421875,0.593750,2020-0821-1503-13-421,Sess02_script02_User003F_009
290.031250,0.609375,2020-0821-1503-14-031,Sess02_script02_User003F_009
290.625000,0.593750,2020-0821-1503-14-625,Sess02_script02_User003F_009
291.281250,0.656250,2020-0821-1503-15-281,Sess02_script02_User003F_009
291.937500,0.656250,2020-0821-1503-15-937,Sess02_script02_User003F_009
301.156250,0.546875,2020-0821-1503-25-156
301.734375,0.578125,2020-0821-1503-25-734
302.296875,0.562500,2020-0821-1503-26-296
302.859375,0.562500,2020-0821-1503-26-859
303.390625,0.531250,2020-0821-1503-27-390
303.937500,0.546875,2020-0821-1503-27-937
304.500000,0.562500,2020-0821-1503-28-500,Sess02_script02_User003F_010
305.078125,0.578125,2020-0821-1503-29-078,Sess02_script02_User003F_010
305.656250,0.578125,2020-0821-1503-29-656,Sess02_script02_User003F_010
306.234375,0.578125,2020-0821-1503-30-234,Sess02_script02_User003F_010
306.828125,0.593750,2020-0821-1503-30-828,Sess02_script02_User003F_011
307.453125,0.625000,2020-0821-1503-31-453,Sess02_script02_User003F_011
308.046875,0.593750,2020-0821-1503-32-046,Sess02_script02_User003F_011
308.609375,0.562500,2020-0821-1503-32-609,Sess02_script02_User003F_011
316.546875,0.578125,2020-0821-1503-40-546
317.140625,0.593750,2020-0821-1503-41-140
317.796875,0.656250,2020-0821-1503-41-796
318.531250,0.734375,2020-0821-1503-42-531
319.265625,0.734375,2020-0821-1503-43-265
319.953125,0.687500,2020-0821-1503-43-953
320.562500,0.609375,2020-0821-1503-44-562
321.156250,0.593750,2020-0821-1503-45-156
321.828125,0.671875,2020-0821-1503-45-828
322.484375,0.656250,2020-0821-1503-46-484
323.125000,0.640625,2020-0821-1503-47-125
323.718750,0.593750,2020-0821-1503-47-718
324.328125,0.609375,2020-0821-1503-48-328
324.984375,0.656250,2020-0821-1503-48-984
325.656250,0.671875,2020-0821-1503-49-656,Sess02_script02_User003F_013
326.281250,0.625000,2020-0821-1503-50-281,Sess02_script02_User003F_013
326.875000,0.593750,2020-0821-1503-50-875,Sess02_script02_User003F_013
327.484375,0.609375,2020-0821-1503-51-484,Sess02_script02_User003F_013
328.093750,0.609375,2020-0821-1503-52-093,Sess02_script02_User003F_013
328.687500,0.593750,2020-0821-1503-52-687,Sess02_script02_User003F_013
329.390625,0.703125,2020-0821-1503-53-390,Sess02_script02_User003F_013
382.062500,0.593750,2020-0821-1504-46-062
382.687500,0.625000,2020-0821-1504-46-687
387.500000,0.468750,2020-0821-1504-51-500
388.015625,0.515625,2020-0821-1504-52-015
388.562500,0.546875,2020-0821-1504-52-562
389.031250,0.468750,2020-0821-1504-53-031
400.640625,0.578125,2020-0821-1505-04-640
401.281250,0.640625,2020-0821-1505-05-281
401.953125,0.671875,2020-0821-1505-05-953
402.687500,0.734375,2020-0821-1505-06-687
403.281250,0.593750,2020-0821-1505-07-281
403.875000,0.593750,2020-0821-1505-07-875
404.515625,0.640625,2020-0821-1505-08-515
405.156250,0.640625,2020-0821-1505-09-156
405.781250,0.625000,2020-0821-1505-09-781
406.390625,0.609375,2020-0821-1505-10-390
