1597995087.000000,IBI,2020-0821-1631-27-000
23.359375,0.875000,2020-0821-1631-50-359
24.234375,0.875000,2020-0821-1631-51-234
25.140625,0.906250,2020-0821-1631-52-140
26.046875,0.906250,2020-0821-1631-53-046
26.906250,0.859375,2020-0821-1631-53-906
27.687500,0.781250,2020-0821-1631-54-687
28.468750,0.781250,2020-0821-1631-55-468
29.281250,0.812500,2020-0821-1631-56-281
30.078125,0.796875,2020-0821-1631-57-078
30.875000,0.796875,2020-0821-1631-57-875
31.687500,0.812500,2020-0821-1631-58-687
32.515625,0.828125,2020-0821-1631-59-515
33.390625,0.875000,2020-0821-1632-00-390
34.250000,0.859375,2020-0821-1632-01-250
35.093750,0.843750,2020-0821-1632-02-093
35.968750,0.875000,2020-0821-1632-02-968
36.796875,0.828125,2020-0821-1632-03-796
37.609375,0.812500,2020-0821-1632-04-609
38.437500,0.828125,2020-0821-1632-05-437
39.281250,0.843750,2020-0821-1632-06-281
57.000000,0.750000,2020-0821-1632-24-000
57.703125,0.703125,2020-0821-1632-24-703
58.390625,0.687500,2020-0821-1632-25-390
59.125000,0.734375,2020-0821-1632-26-125
72.609375,0.734375,2020-0821-1632-39-609
83.625000,0.796875,2020-0821-1632-50-625
84.453125,0.828125,2020-0821-1632-51-453
85.281250,0.828125,2020-0821-1632-52-281
86.046875,0.765625,2020-0821-1632-53-046
86.796875,0.750000,2020-0821-1632-53-796
87.531250,0.734375,2020-0821-1632-54-531
92.093750,0.765625,2020-0821-1632-59-093
92.906250,0.812500,2020-0821-1632-59-906
93.718750,0.812500,2020-0821-1633-00-718
94.531250,0.812500,2020-0821-1633-01-531
95.375000,0.843750,2020-0821-1633-02-375
96.218750,0.843750,2020-0821-1633-03-218
97.015625,0.796875,2020-0821-1633-04-015
97.781250,0.765625,2020-0821-1633-04-781
98.500000,0.718750,2020-0821-1633-05-500
99.265625,0.765625,2020-0821-1633-06-265
99.968750,0.703125,2020-0821-1633-06-968
100.671875,0.703125,2020-0821-1633-07-671
101.375000,0.703125,2020-0821-1633-08-375
102.140625,0.765625,2020-0821-1633-09-140
102.859375,0.718750,2020-0821-1633-09-859
103.687500,0.828125,2020-0821-1633-10-687
104.515625,0.828125,2020-0821-1633-11-515
105.390625,0.875000,2020-0821-1633-12-390
106.203125,0.812500,2020-0821-1633-13-203
107.000000,0.796875,2020-0821-1633-14-000
107.828125,0.828125,2020-0821-1633-14-828
108.640625,0.812500,2020-0821-1633-15-640
109.437500,0.796875,2020-0821-1633-16-437
110.203125,0.765625,2020-0821-1633-17-203
115.593750,0.796875,2020-0821-1633-22-593
116.359375,0.765625,2020-0821-1633-23-359
117.156250,0.796875,2020-0821-1633-24-156
117.984375,0.828125,2020-0821-1633-24-984
118.765625,0.781250,2020-0821-1633-25-765
119.546875,0.781250,2020-0821-1633-26-546
120.328125,0.781250,2020-0821-1633-27-328
121.156250,0.828125,2020-0821-1633-28-156
122.031250,0.875000,2020-0821-1633-29-031
122.843750,0.812500,2020-0821-1633-29-843
123.656250,0.812500,2020-0821-1633-30-656
124.437500,0.781250,2020-0821-1633-31-437
125.250000,0.812500,2020-0821-1633-32-250
126.000000,0.750000,2020-0821-1633-33-000
126.703125,0.703125,2020-0821-1633-33-703
127.437500,0.734375,2020-0821-1633-34-437
128.171875,0.734375,2020-0821-1633-35-171
128.937500,0.765625,2020-0821-1633-35-937
129.703125,0.765625,2020-0821-1633-36-703
130.500000,0.796875,2020-0821-1633-37-500
131.343750,0.843750,2020-0821-1633-38-343
132.203125,0.859375,2020-0821-1633-39-203
133.000000,0.796875,2020-0821-1633-40-000
133.781250,0.781250,2020-0821-1633-40-781
134.593750,0.812500,2020-0821-1633-41-593
135.468750,0.875000,2020-0821-1633-42-468
136.265625,0.796875,2020-0821-1633-43-265
137.062500,0.796875,2020-0821-1633-44-062
137.859375,0.796875,2020-0821-1633-44-859
138.703125,0.843750,2020-0821-1633-45-703
139.562500,0.859375,2020-0821-1633-46-562
140.390625,0.828125,2020-0821-1633-47-390
141.234375,0.843750,2020-0821-1633-48-234
142.093750,0.859375,2020-0821-1633-49-093
142.875000,0.781250,2020-0821-1633-49-875
143.656250,0.781250,2020-0821-1633-50-656
144.484375,0.828125,2020-0821-1633-51-484
145.296875,0.812500,2020-0821-1633-52-296
146.062500,0.765625,2020-0821-1633-53-062
146.859375,0.796875,2020-0821-1633-53-859
147.703125,0.843750,2020-0821-1633-54-703
148.484375,0.781250,2020-0821-1633-55-484
149.265625,0.781250,2020-0821-1633-56-265
150.093750,0.828125,2020-0821-1633-57-093
150.906250,0.812500,2020-0821-1633-57-906
151.703125,0.796875,2020-0821-1633-58-703
152.468750,0.765625,2020-0821-1633-59-468
153.218750,0.750000,2020-0821-1634-00-218
153.984375,0.765625,2020-0821-1634-00-984
154.750000,0.765625,2020-0821-1634-01-750
155.531250,0.781250,2020-0821-1634-02-531
156.359375,0.828125,2020-0821-1634-03-359
157.187500,0.828125,2020-0821-1634-04-187
157.968750,0.781250,2020-0821-1634-04-968
161.437500,0.843750,2020-0821-1634-08-437
162.234375,0.796875,2020-0821-1634-09-234
163.031250,0.796875,2020-0821-1634-10-031
163.843750,0.812500,2020-0821-1634-10-843,Sess02_script06_User004M_001
164.703125,0.859375,2020-0821-1634-11-703,Sess02_script06_User004M_001
203.890625,0.640625,2020-0821-1634-50-890,Sess02_script06_User004M_005
204.593750,0.703125,2020-0821-1634-51-593,Sess02_script06_User004M_005
205.265625,0.671875,2020-0821-1634-52-265,Sess02_script06_User004M_005
205.906250,0.640625,2020-0821-1634-52-906,Sess02_script06_User004M_005
206.546875,0.640625,2020-0821-1634-53-546,Sess02_script06_User004M_005
207.234375,0.687500,2020-0821-1634-54-234,Sess02_script06_User004M_005
208.000000,0.765625,2020-0821-1634-55-000,Sess02_script06_User004M_005
208.734375,0.734375,2020-0821-1634-55-734,Sess02_script06_User004M_005
209.500000,0.765625,2020-0821-1634-56-500,Sess02_script06_User004M_005
210.265625,0.765625,2020-0821-1634-57-265,Sess02_script06_User004M_005
211.015625,0.750000,2020-0821-1634-58-015,Sess02_script06_User004M_005
223.906250,0.765625,2020-0821-1635-10-906,Sess02_script06_User004M_006
224.640625,0.734375,2020-0821-1635-11-640,Sess02_script06_User004M_006
225.375000,0.734375,2020-0821-1635-12-375,Sess02_script06_User004M_006
226.046875,0.671875,2020-0821-1635-13-046,Sess02_script06_User004M_006
226.671875,0.625000,2020-0821-1635-13-671,Sess02_script06_User004M_006
227.328125,0.656250,2020-0821-1635-14-328,Sess02_script06_User004M_006
228.015625,0.687500,2020-0821-1635-15-015,Sess02_script06_User004M_006
228.796875,0.781250,2020-0821-1635-15-796,Sess02_script06_User004M_006
238.875000,0.781250,2020-0821-1635-25-875,Sess02_script06_User004M_007
239.734375,0.859375,2020-0821-1635-26-734,Sess02_script06_User004M_007
270.593750,0.890625,2020-0821-1635-57-593
271.468750,0.875000,2020-0821-1635-58-468
272.312500,0.843750,2020-0821-1635-59-312
273.078125,0.765625,2020-0821-1636-00-078
293.828125,0.843750,2020-0821-1636-20-828
294.687500,0.859375,2020-0821-1636-21-687
295.546875,0.859375,2020-0821-1636-22-546
296.390625,0.843750,2020-0821-1636-23-390
297.218750,0.828125,2020-0821-1636-24-218
298.015625,0.796875,2020-0821-1636-25-015
298.859375,0.843750,2020-0821-1636-25-859
299.781250,0.921875,2020-0821-1636-26-781
300.656250,0.875000,2020-0821-1636-27-656
301.546875,0.890625,2020-0821-1636-28-546
302.406250,0.859375,2020-0821-1636-29-406
303.265625,0.859375,2020-0821-1636-30-265
304.140625,0.875000,2020-0821-1636-31-140
304.984375,0.843750,2020-0821-1636-31-984
305.890625,0.906250,2020-0821-1636-32-890
306.765625,0.875000,2020-0821-1636-33-765
307.671875,0.906250,2020-0821-1636-34-671
308.546875,0.875000,2020-0821-1636-35-546
309.468750,0.921875,2020-0821-1636-36-468
310.296875,0.828125,2020-0821-1636-37-296
311.125000,0.828125,2020-0821-1636-38-125
311.968750,0.843750,2020-0821-1636-38-968
312.843750,0.875000,2020-0821-1636-39-843
313.687500,0.843750,2020-0821-1636-40-687
314.546875,0.859375,2020-0821-1636-41-546
315.437500,0.890625,2020-0821-1636-42-437
316.281250,0.843750,2020-0821-1636-43-281
317.109375,0.828125,2020-0821-1636-44-109
317.937500,0.828125,2020-0821-1636-44-937
318.765625,0.828125,2020-0821-1636-45-765
319.625000,0.859375,2020-0821-1636-46-625,Sess02_script06_User004M_010
320.437500,0.812500,2020-0821-1636-47-437,Sess02_script06_User004M_010
321.203125,0.765625,2020-0821-1636-48-203,Sess02_script06_User004M_010
321.984375,0.781250,2020-0821-1636-48-984,Sess02_script06_User004M_010
322.859375,0.875000,2020-0821-1636-49-859,Sess02_script06_User004M_010
323.781250,0.921875,2020-0821-1636-50-781,Sess02_script06_User004M_010
324.718750,0.937500,2020-0821-1636-51-718,Sess02_script06_User004M_010
325.640625,0.921875,2020-0821-1636-52-640,Sess02_script06_User004M_010
333.078125,0.875000,2020-0821-1637-00-078,Sess02_script06_User004M_011
386.265625,0.796875,2020-0821-1637-53-265
387.062500,0.796875,2020-0821-1637-54-062
