1598239660.000000,IBI,2020-0824-1227-40-000
11.421875,0.718750,2020-0824-1227-51-421
38.859375,0.703125,2020-0824-1228-18-859
39.578125,0.718750,2020-0824-1228-19-578
49.546875,0.796875,2020-0824-1228-29-546
50.375000,0.828125,2020-0824-1228-30-375
51.156250,0.781250,2020-0824-1228-31-156
51.968750,0.812500,2020-0824-1228-31-968
52.765625,0.796875,2020-0824-1228-32-765
53.515625,0.750000,2020-0824-1228-33-515
54.218750,0.703125,2020-0824-1228-34-218
54.968750,0.750000,2020-0824-1228-34-968
55.718750,0.750000,2020-0824-1228-35-718
56.515625,0.796875,2020-0824-1228-36-515
57.328125,0.812500,2020-0824-1228-37-328
58.140625,0.812500,2020-0824-1228-38-140
58.984375,0.843750,2020-0824-1228-38-984
59.812500,0.828125,2020-0824-1228-39-812
60.656250,0.843750,2020-0824-1228-40-656
89.718750,0.828125,2020-0824-1229-09-718
93.750000,0.796875,2020-0824-1229-13-750
94.562500,0.812500,2020-0824-1229-14-562
95.375000,0.812500,2020-0824-1229-15-375,Sess03_script05_User006M_001
96.218750,0.843750,2020-0824-1229-16-218,Sess03_script05_User006M_001
97.046875,0.828125,2020-0824-1229-17-046
97.875000,0.828125,2020-0824-1229-17-875
98.671875,0.796875,2020-0824-1229-18-671
99.500000,0.828125,2020-0824-1229-19-500
100.296875,0.796875,2020-0824-1229-20-296
101.109375,0.812500,2020-0824-1229-21-109
101.953125,0.843750,2020-0824-1229-21-953
102.812500,0.859375,2020-0824-1229-22-812
103.671875,0.859375,2020-0824-1229-23-671
104.515625,0.843750,2020-0824-1229-24-515
105.359375,0.843750,2020-0824-1229-25-359
106.218750,0.859375,2020-0824-1229-26-218
107.046875,0.828125,2020-0824-1229-27-046
107.859375,0.812500,2020-0824-1229-27-859
108.640625,0.781250,2020-0824-1229-28-640
109.406250,0.765625,2020-0824-1229-29-406
110.156250,0.750000,2020-0824-1229-30-156
110.875000,0.718750,2020-0824-1229-30-875
111.562500,0.687500,2020-0824-1229-31-562
112.296875,0.734375,2020-0824-1229-32-296
112.984375,0.687500,2020-0824-1229-32-984
113.640625,0.656250,2020-0824-1229-33-640
114.359375,0.718750,2020-0824-1229-34-359
115.093750,0.734375,2020-0824-1229-35-093,Sess03_script05_User006M_002
115.984375,0.890625,2020-0824-1229-35-984,Sess03_script05_User006M_002
116.734375,0.750000,2020-0824-1229-36-734,Sess03_script05_User006M_002
117.546875,0.812500,2020-0824-1229-37-546,Sess03_script05_User006M_002
118.343750,0.796875,2020-0824-1229-38-343,Sess03_script05_User006M_002
119.281250,0.937500,2020-0824-1229-39-281,Sess03_script05_User006M_002
119.984375,0.703125,2020-0824-1229-39-984,Sess03_script05_User006M_002
120.796875,0.812500,2020-0824-1229-40-796,Sess03_script05_User006M_002
134.453125,0.703125,2020-0824-1229-54-453,Sess03_script05_User006M_003
135.203125,0.750000,2020-0824-1229-55-203,Sess03_script05_User006M_003
135.953125,0.750000,2020-0824-1229-55-953,Sess03_script05_User006M_003
136.765625,0.812500,2020-0824-1229-56-765,Sess03_script05_User006M_003
152.640625,0.734375,2020-0824-1230-12-640,Sess03_script05_User006M_006
157.734375,0.812500,2020-0824-1230-17-734,Sess03_script05_User006M_007
185.421875,0.734375,2020-0824-1230-45-421,Sess03_script05_User006M_012
196.078125,0.796875,2020-0824-1230-56-078
196.828125,0.750000,2020-0824-1230-56-828
197.562500,0.734375,2020-0824-1230-57-562
198.406250,0.843750,2020-0824-1230-58-406,Sess03_script05_User006M_014
199.250000,0.843750,2020-0824-1230-59-250,Sess03_script05_User006M_014
200.078125,0.828125,2020-0824-1231-00-078,Sess03_script05_User006M_015
200.781250,0.703125,2020-0824-1231-00-781,Sess03_script05_User006M_015
201.531250,0.750000,2020-0824-1231-01-531,Sess03_script05_User006M_015
202.296875,0.765625,2020-0824-1231-02-296,Sess03_script05_User006M_015
203.109375,0.812500,2020-0824-1231-03-109,Sess03_script05_User006M_015
217.781250,0.812500,2020-0824-1231-17-781,Sess03_script05_User006M_016
218.406250,0.625000,2020-0824-1231-18-406,Sess03_script05_User006M_016
222.906250,0.843750,2020-0824-1231-22-906,Sess03_script05_User006M_016
223.718750,0.812500,2020-0824-1231-23-718,Sess03_script05_User006M_016
224.531250,0.812500,2020-0824-1231-24-531,Sess03_script05_User006M_016
225.343750,0.812500,2020-0824-1231-25-343,Sess03_script05_User006M_016
226.046875,0.703125,2020-0824-1231-26-046
232.937500,0.765625,2020-0824-1231-32-937,Sess03_script05_User006M_017
284.671875,0.937500,2020-0824-1232-24-671
285.593750,0.921875,2020-0824-1232-25-593
286.515625,0.921875,2020-0824-1232-26-515
287.468750,0.953125,2020-0824-1232-27-468
288.390625,0.921875,2020-0824-1232-28-390
289.312500,0.921875,2020-0824-1232-29-312
290.234375,0.921875,2020-0824-1232-30-234
302.343750,0.843750,2020-0824-1232-42-343,Sess03_script05_User006M_021
303.234375,0.890625,2020-0824-1232-43-234,Sess03_script05_User006M_021
304.062500,0.828125,2020-0824-1232-44-062,Sess03_script05_User006M_021
304.937500,0.875000,2020-0824-1232-44-937,Sess03_script05_User006M_021
305.828125,0.890625,2020-0824-1232-45-828,Sess03_script05_User006M_022
306.671875,0.843750,2020-0824-1232-46-671,Sess03_script05_User006M_022
310.843750,0.812500,2020-0824-1232-50-843,Sess03_script05_User006M_023
311.625000,0.781250,2020-0824-1232-51-625,Sess03_script05_User006M_023
312.406250,0.781250,2020-0824-1232-52-406,Sess03_script05_User006M_023
313.156250,0.750000,2020-0824-1232-53-156,Sess03_script05_User006M_023
313.859375,0.703125,2020-0824-1232-53-859,Sess03_script05_User006M_023
314.562500,0.703125,2020-0824-1232-54-562,Sess03_script05_User006M_023
315.281250,0.718750,2020-0824-1232-55-281,Sess03_script05_User006M_023
316.031250,0.750000,2020-0824-1232-56-031,Sess03_script05_User006M_023
316.796875,0.765625,2020-0824-1232-56-796
317.468750,0.671875,2020-0824-1232-57-468
318.328125,0.859375,2020-0824-1232-58-328
319.125000,0.796875,2020-0824-1232-59-125
319.937500,0.812500,2020-0824-1232-59-937
320.750000,0.812500,2020-0824-1233-00-750
321.515625,0.765625,2020-0824-1233-01-515
322.359375,0.843750,2020-0824-1233-02-359
323.218750,0.859375,2020-0824-1233-03-218
324.062500,0.843750,2020-0824-1233-04-062,Sess03_script05_User006M_024
324.875000,0.812500,2020-0824-1233-04-875,Sess03_script05_User006M_024
325.734375,0.859375,2020-0824-1233-05-734,Sess03_script05_User006M_024
326.609375,0.875000,2020-0824-1233-06-609,Sess03_script05_User006M_024
327.468750,0.859375,2020-0824-1233-07-468,Sess03_script05_User006M_024
328.296875,0.828125,2020-0824-1233-08-296,Sess03_script05_User006M_024
329.046875,0.750000,2020-0824-1233-09-046,Sess03_script05_User006M_024
329.953125,0.906250,2020-0824-1233-09-953,Sess03_script05_User006M_025
351.687500,0.890625,2020-0824-1233-31-687
352.531250,0.843750,2020-0824-1233-32-531
353.421875,0.890625,2020-0824-1233-33-421
