1598240646.000000,IBI,2020-0824-1244-06-000
12.328125,0.859375,2020-0824-1244-18-328
13.187500,0.859375,2020-0824-1244-19-187
14.015625,0.828125,2020-0824-1244-20-015
14.843750,0.828125,2020-0824-1244-20-843
15.640625,0.796875,2020-0824-1244-21-640
16.359375,0.718750,2020-0824-1244-22-359
17.125000,0.765625,2020-0824-1244-23-125
17.890625,0.765625,2020-0824-1244-23-890
18.718750,0.828125,2020-0824-1244-24-718
32.546875,0.625000,2020-0824-1244-38-546,Sess03_script06_User005M_002
33.171875,0.625000,2020-0824-1244-39-171,Sess03_script06_User005M_002
33.781250,0.609375,2020-0824-1244-39-781,Sess03_script06_User005M_002
34.437500,0.656250,2020-0824-1244-40-437,Sess03_script06_User005M_002
35.062500,0.625000,2020-0824-1244-41-062,Sess03_script06_User005M_002
35.625000,0.562500,2020-0824-1244-41-625,Sess03_script06_User005M_002
36.171875,0.546875,2020-0824-1244-42-171,Sess03_script06_User005M_002
36.750000,0.578125,2020-0824-1244-42-750,Sess03_script06_User005M_002
37.375000,0.625000,2020-0824-1244-43-375,Sess03_script06_User005M_002
38.093750,0.718750,2020-0824-1244-44-093,Sess03_script06_User005M_003
38.859375,0.765625,2020-0824-1244-44-859,Sess03_script06_User005M_003
39.640625,0.781250,2020-0824-1244-45-640,Sess03_script06_User005M_003
40.421875,0.781250,2020-0824-1244-46-421,Sess03_script06_User005M_003
41.234375,0.812500,2020-0824-1244-47-234,Sess03_script06_User005M_003
41.984375,0.750000,2020-0824-1244-47-984,Sess03_script06_User005M_003
42.687500,0.703125,2020-0824-1244-48-687,Sess03_script06_User005M_003
43.437500,0.750000,2020-0824-1244-49-437,Sess03_script06_User005M_003
44.046875,0.609375,2020-0824-1244-50-046,Sess03_script06_User005M_004
44.906250,0.859375,2020-0824-1244-50-906,Sess03_script06_User005M_004
45.812500,0.906250,2020-0824-1244-51-812,Sess03_script06_User005M_004
98.296875,0.859375,2020-0824-1245-44-296
99.093750,0.796875,2020-0824-1245-45-093
99.921875,0.828125,2020-0824-1245-45-921
100.750000,0.828125,2020-0824-1245-46-750
101.609375,0.859375,2020-0824-1245-47-609
111.812500,0.859375,2020-0824-1245-57-812
112.640625,0.828125,2020-0824-1245-58-640
113.484375,0.843750,2020-0824-1245-59-484
114.359375,0.875000,2020-0824-1246-00-359
115.234375,0.875000,2020-0824-1246-01-234,Sess03_script06_User005M_010
116.125000,0.890625,2020-0824-1246-02-125,Sess03_script06_User005M_010
117.000000,0.875000,2020-0824-1246-03-000
117.812500,0.812500,2020-0824-1246-03-812
118.656250,0.843750,2020-0824-1246-04-656
119.453125,0.796875,2020-0824-1246-05-453
120.281250,0.828125,2020-0824-1246-06-281
121.046875,0.765625,2020-0824-1246-07-046
121.812500,0.765625,2020-0824-1246-07-812
122.625000,0.812500,2020-0824-1246-08-625
123.468750,0.843750,2020-0824-1246-09-468,Sess03_script06_User005M_011
124.359375,0.890625,2020-0824-1246-10-359,Sess03_script06_User005M_011
125.218750,0.859375,2020-0824-1246-11-218,Sess03_script06_User005M_011
126.031250,0.812500,2020-0824-1246-12-031,Sess03_script06_User005M_011
126.859375,0.828125,2020-0824-1246-12-859,Sess03_script06_User005M_011
127.656250,0.796875,2020-0824-1246-13-656,Sess03_script06_User005M_011
128.484375,0.828125,2020-0824-1246-14-484,Sess03_script06_User005M_011
129.328125,0.843750,2020-0824-1246-15-328,Sess03_script06_User005M_011
129.984375,0.656250,2020-0824-1246-15-984
134.609375,0.671875,2020-0824-1246-20-609
135.328125,0.718750,2020-0824-1246-21-328
136.031250,0.703125,2020-0824-1246-22-031
