1598237727.000000,IBI,2020-0824-1155-27-000
12.562500,0.593750,2020-0824-1155-39-562
13.171875,0.609375,2020-0824-1155-40-171
13.828125,0.656250,2020-0824-1155-40-828
14.437500,0.609375,2020-0824-1155-41-437
17.421875,0.640625,2020-0824-1155-44-421,Sess03_script03_User005M_001
18.078125,0.656250,2020-0824-1155-45-078
18.734375,0.656250,2020-0824-1155-45-734
22.812500,0.671875,2020-0824-1155-49-812,Sess03_script03_User005M_002
23.515625,0.703125,2020-0824-1155-50-515,Sess03_script03_User005M_002
24.125000,0.609375,2020-0824-1155-51-125,Sess03_script03_User005M_002
24.750000,0.625000,2020-0824-1155-51-750,Sess03_script03_User005M_002
25.359375,0.609375,2020-0824-1155-52-359,Sess03_script03_User005M_002
25.984375,0.625000,2020-0824-1155-52-984,Sess03_script03_User005M_002
48.562500,0.562500,2020-0824-1156-15-562,Sess03_script03_User005M_005
49.203125,0.640625,2020-0824-1156-16-203,Sess03_script03_User005M_006
49.796875,0.593750,2020-0824-1156-16-796,Sess03_script03_User005M_006
53.718750,0.703125,2020-0824-1156-20-718,Sess03_script03_User005M_007
54.468750,0.750000,2020-0824-1156-21-468,Sess03_script03_User005M_007
55.125000,0.656250,2020-0824-1156-22-125
61.687500,0.718750,2020-0824-1156-28-687,Sess03_script03_User005M_009
62.421875,0.734375,2020-0824-1156-29-421
63.171875,0.750000,2020-0824-1156-30-171,Sess03_script03_User005M_010
77.484375,0.765625,2020-0824-1156-44-484
78.375000,0.890625,2020-0824-1156-45-375
79.171875,0.796875,2020-0824-1156-46-171
79.953125,0.781250,2020-0824-1156-46-953,Sess03_script03_User005M_013
80.750000,0.796875,2020-0824-1156-47-750,Sess03_script03_User005M_013
81.546875,0.796875,2020-0824-1156-48-546,Sess03_script03_User005M_014
96.234375,0.765625,2020-0824-1157-03-234
96.953125,0.718750,2020-0824-1157-03-953
97.656250,0.703125,2020-0824-1157-04-656
102.500000,0.703125,2020-0824-1157-09-500
103.234375,0.734375,2020-0824-1157-10-234
111.953125,0.609375,2020-0824-1157-18-953
112.687500,0.734375,2020-0824-1157-19-687
113.406250,0.718750,2020-0824-1157-20-406
114.109375,0.703125,2020-0824-1157-21-109,Sess03_script03_User005M_017
114.812500,0.703125,2020-0824-1157-21-812,Sess03_script03_User005M_017
115.484375,0.671875,2020-0824-1157-22-484,Sess03_script03_User005M_017
116.156250,0.671875,2020-0824-1157-23-156,Sess03_script03_User005M_017
116.812500,0.656250,2020-0824-1157-23-812,Sess03_script03_User005M_018
117.468750,0.656250,2020-0824-1157-24-468,Sess03_script03_User005M_018
118.171875,0.703125,2020-0824-1157-25-171,Sess03_script03_User005M_018
118.890625,0.718750,2020-0824-1157-25-890
119.609375,0.718750,2020-0824-1157-26-609
120.296875,0.687500,2020-0824-1157-27-296
120.921875,0.625000,2020-0824-1157-27-921
121.578125,0.656250,2020-0824-1157-28-578,Sess03_script03_User005M_019
122.203125,0.625000,2020-0824-1157-29-203,Sess03_script03_User005M_019
122.875000,0.671875,2020-0824-1157-29-875,Sess03_script03_User005M_019
123.531250,0.656250,2020-0824-1157-30-531,Sess03_script03_User005M_019
124.203125,0.671875,2020-0824-1157-31-203,Sess03_script03_User005M_019
124.875000,0.671875,2020-0824-1157-31-875
125.593750,0.718750,2020-0824-1157-32-593
126.312500,0.718750,2020-0824-1157-33-312
127.015625,0.703125,2020-0824-1157-34-015
127.703125,0.687500,2020-0824-1157-34-703
128.328125,0.625000,2020-0824-1157-35-328
129.015625,0.687500,2020-0824-1157-36-015
129.656250,0.640625,2020-0824-1157-36-656,Sess03_script03_User005M_020
130.281250,0.625000,2020-0824-1157-37-281,Sess03_script03_User005M_020
130.937500,0.656250,2020-0824-1157-37-937,Sess03_script03_User005M_020
131.578125,0.640625,2020-0824-1157-38-578,Sess03_script03_User005M_020
132.265625,0.687500,2020-0824-1157-39-265,Sess03_script03_User005M_020
138.265625,0.687500,2020-0824-1157-45-265
138.968750,0.703125,2020-0824-1157-45-968
139.703125,0.734375,2020-0824-1157-46-703
140.421875,0.718750,2020-0824-1157-47-421
141.140625,0.718750,2020-0824-1157-48-140
141.828125,0.687500,2020-0824-1157-48-828
153.500000,0.687500,2020-0824-1158-00-500,Sess03_script03_User005M_022
154.187500,0.687500,2020-0824-1158-01-187,Sess03_script03_User005M_022
154.843750,0.656250,2020-0824-1158-01-843,Sess03_script03_User005M_022
155.531250,0.687500,2020-0824-1158-02-531,Sess03_script03_User005M_022
156.171875,0.640625,2020-0824-1158-03-171,Sess03_script03_User005M_022
156.859375,0.687500,2020-0824-1158-03-859,Sess03_script03_User005M_022
157.515625,0.656250,2020-0824-1158-04-515,Sess03_script03_User005M_022
164.468750,0.640625,2020-0824-1158-11-468,Sess03_script03_User005M_023
165.125000,0.656250,2020-0824-1158-12-125,Sess03_script03_User005M_023
188.578125,0.750000,2020-0824-1158-35-578,Sess03_script03_User005M_026
189.312500,0.734375,2020-0824-1158-36-312,Sess03_script03_User005M_026
190.015625,0.703125,2020-0824-1158-37-015,Sess03_script03_User005M_026
190.718750,0.703125,2020-0824-1158-37-718,Sess03_script03_User005M_026
191.453125,0.734375,2020-0824-1158-38-453,Sess03_script03_User005M_026
192.171875,0.718750,2020-0824-1158-39-171,Sess03_script03_User005M_026
192.875000,0.703125,2020-0824-1158-39-875,Sess03_script03_User005M_026
193.593750,0.718750,2020-0824-1158-40-593,Sess03_script03_User005M_026
197.687500,0.687500,2020-0824-1158-44-687
198.390625,0.703125,2020-0824-1158-45-390
199.125000,0.734375,2020-0824-1158-46-125
199.875000,0.750000,2020-0824-1158-46-875
200.656250,0.781250,2020-0824-1158-47-656
201.437500,0.781250,2020-0824-1158-48-437
202.234375,0.796875,2020-0824-1158-49-234
203.046875,0.812500,2020-0824-1158-50-046
203.843750,0.796875,2020-0824-1158-50-843
204.609375,0.765625,2020-0824-1158-51-609
205.375000,0.765625,2020-0824-1158-52-375
206.109375,0.734375,2020-0824-1158-53-109
206.843750,0.734375,2020-0824-1158-53-843
207.593750,0.750000,2020-0824-1158-54-593
208.312500,0.718750,2020-0824-1158-55-312
209.062500,0.750000,2020-0824-1158-56-062,Sess03_script03_User005M_027
209.812500,0.750000,2020-0824-1158-56-812,Sess03_script03_User005M_027
210.593750,0.781250,2020-0824-1158-57-593
211.375000,0.781250,2020-0824-1158-58-375
212.171875,0.796875,2020-0824-1158-59-171
212.953125,0.781250,2020-0824-1158-59-953
213.750000,0.796875,2020-0824-1159-00-750
214.453125,0.703125,2020-0824-1159-01-453
215.187500,0.734375,2020-0824-1159-02-187
215.875000,0.687500,2020-0824-1159-02-875
216.625000,0.750000,2020-0824-1159-03-625
223.843750,0.765625,2020-0824-1159-10-843
224.609375,0.765625,2020-0824-1159-11-609
225.359375,0.750000,2020-0824-1159-12-359
226.109375,0.750000,2020-0824-1159-13-109
226.875000,0.765625,2020-0824-1159-13-875
227.656250,0.781250,2020-0824-1159-14-656
228.453125,0.796875,2020-0824-1159-15-453
